0,273
0,270
10,125
9,5
8,15
3,2
3,1
3,3
10,264
10,302
10,306
10,162
10,112
10,290
10,194
10,1
10,304
10,2
10,3
11,14
11,12
11,28
11,22
11,1
11,4
11,2
11,3
9,7
9,6
9,1
9,4
9,2
9,3
8,10
8,13
8,5
8,9
8,11
8,1
8,6
8,2
8,3
12,2
12,1
12,3
20,2
20,1
20,3
19,2
19,1
19,3
85,4
85,3
85,2
85,1
85,0
84,5
84,4
84,3
84,2
84,1
84,0
81,5
81,4
81,3
81,2
81,1
81,0
79,5
79,4
79,3
79,2
79,1
18,1
79,0
75,5
75,4
75,3
18,3
75,2
75,1
75,0
74,5
74,4
74,3
74,2
74,1
14,3
13,1
74,0
72,4
72,3
13,3
72,2
72,1
72,0
70,5
70,4
70,3
70,2
70,1
70,0
68,4
68,3
68,2
68,1
68,0
65,3
65,2
65,1
65,0
64,4
64,3
64,2
64,1
2,2
64,0
63,5
63,4
